Snakehips-Miss You Always-76-***
